6 7 9 12 16 22 26 27 31 34 39 43 44 45 47 48 0 0 0 0 0 0 0 0 0 0 0 0 0 
6 7 9 12 16 26 27 39 43 45 48
6 9 12 14 16 19 26 27 29 33 38 39 43 45 48 51
6 7 9 12 16 22 24 26 27 29 33 34 35 39 43 44 45 47 48 50 51
6 9 12 16 26 29 33 43 45
6 9 12 15 16 26 38 43 44 45
6 9 12 16 26 27 43 44 45 48
6 9 12 16 26 27 39 44 45 48
6 7 9 12 15 16 26 29 33 38 39 43 44 45 47 48
6 7 9 12 16 26 27 39 43 44 45 48
6 7 9 12 16 26 27 34 39 43 44 45 48
6 7 9 12 16 26 27 34 39 43 44 45 48
6 7 9 12 15 16 25 26 27 29 33 34 39 42 43 45 48
6 7 9 12 15 16 21 26 27 29 33 34 35 39 42 43 45 48 51
6 7 9 12 16 26 27 33 34 39 43 44 45 48
6 9 12 16 21 26 34 39 43 45
6 9 12 16 26 45
6 9 12 15 16 21 26 27 41 42 43 45 48
6 7 9 12 16 21 22 23 25 26 27 29 33 39 43 45 47 48
6 7 9 12 16 21 22 25 26 27 29 33 34 39 43 44 45 47 48
6 7 9 12 15 16 26 27 39 41 42 43 44 45 48
6 7 9 12 16 26 27 39 43 45 48
6 9 12 14 16 26 39 43 45 48
6 9 12 16 26 27 29 33 39 43 45 48
6 7 9 12 16 22 26 31 34 39 43 44 45 47 50
6 9 12 16 26 29 33 35 43 45
6 9 12 16 20 21 26 33 34 35 39 43 44 45
6 7 9 12 16 26 27 34 39 43 44 45 48
6 7 9 12 16 22 26 34 39 43 44 45 47 48
6 7 9 12 16 21 22 26 27 29 33 34 39 43 44 45 47 48 50
6 7 9 12 15 16 25 26 27 29 33 34 38 39 42 43 44 45 48
6 7 9 12 15 16 22 26 27 29 33 34 39 42 43 44 45 47 48 50
6 7 9 12 15 16 21 26 27 33 34 38 39 42 43 44 45 48
6 7 9 12 16 21 25 26 27 29 33 34 35 39 43 45 48
6 7 9 12 16 21 22 26 27 33 34 39 43 45 47 48
6 12 21 26 27 34 39 43 45 48
6 7 9 12 16 21 26 39 43 45
6 9 12 16 19 21 26 27 29 33 34 35 39 43 45 48 51
6 9 12 16 26 27 39 43 45 47 48
6 7 9 12 16 22 26 27 34 39 45 47 48
6 7 9 12 14 16 19 22 24 26 27 29 31 32 33 34 39 43 44 45 47 48 51
6 9 12 16 21 26 27 39 43 44 45 48
6 9 12 16 21 24 26 27 29 33 34 39 43 44 45 48 
6 7 9 12 16 21 26 27 29 33 39 43 45 48
6 7 9 12 16 21 26 27 29 33 39 43 45 48
6 7 9 12 16 19 21 26 27 29 33 34 39 43 45 48 51
6 7 9 12 16 21 22 26 35 39 43 45 47 51
6 7 9 12 16 22 26 29 33 34 39 43 45 47
6 7 9 11 12 16 22 24 26 27 34 39 43 45 47 48
6 7 9 12 16 21 26 27 43 45 48
6 7 9 12 16 21 26 34 38 39 43 45
6 7 9 12 16 21 26 27 29 33 34 39 43 45 48
6 9 12 15 16 21 29 33 34 35 39 42 43 44 45
6 12 16 21 26 27 34 39 43 44 45 48
6 7 9 12 16 21 26 27 33 34 43 45 47 48
6 7 9 12 14 15 16 21 22 25 26 27 34 38 39 42 43 45 48
6 7 9 12 16 21 26 27 38 39 43 45 48
6 7 9 12 15 16 19 21 22 23 26 27 29 33 34 35 39 42 43 45 47 48 51
6 7 9 12 15 16 19 21 22 26 27 29 33 34 35 39 42 43 47 48 51
6 7 9 12 16 19 22 26 27 29 33 34 35 39 43 45 47 48 51
6 7 9 12 16 21 26 27 33 34 39 43 45 48
6 7 9 11 12 16 21 26 27 39 43 44 45 48
6 7 9 12 16 21 26 39 43 45 48
6 9 12 16 21 22 26 27 29 33 34 39 43 45 47 48
6 9 12 16 21 26 29 33 38 43 45
6 7 9 12 16 21 22 26 33 39 43 45 47
6 7 9 12 16 21 25 26 27 29 33 43 45 48 50
6 7 9 12 16 21 22 26 34 39 43 45 47
6 7 9 12 15 16 22 25 26 27 29 33 34 39 42 43 45 47 48
6 7 9 12 16 21 22 25 26 34 38 39 43 45 47 50
6 7 12 15 16 21 22 26 27 33 34 38 39 43 45 47 48
6 7 9 12 16 21 26 27 29 33 34 39 43 44 45 48
6 7 11 12 16 21 22 26 27 34 39 43 45 48
6 12 16 21 26 27 34 39 43 44 45 48
6 7 9 12 16 21 22 26 27 33 34 39 43 44 45 47 48
6 7 9 12 16 21 22 25 26 27 33 34 39 43 44 45 47 48
6 7 9 12 14 15 16 19 21 22 23 25 26 27 29 33 34 35 38 39 42 43 44 45 47 48 51
6 7 9 12 15 16 19 21 22 25 26 27 29 33 34 35 39 42 43 45 47 48 51
6 7 9 12 15 16 19 21 22 26 27 29 33 34 35 39 42 43 45 47 48 51
2 6 7 9 12 16 21 22 26 39 43 44 45 47 48
6 7 9 12 16 21 22 25 26 27 29 33 34 38 39 43 44 45 47 48
6 7 9 12 16 21 22 25 26 27 29 33 34 39 43 45 47 48
6 7 9 12 16 21 26 39 43 45
6 9 12 16 21 26 27 39 43 45 48
6 7 9 12 16 21 26 43 45
6 7 9 12 15 16 22 25 26 27 29 33 34 39 42 43 44 45 47 48
6 7 9 12 16 26 29 33 43 45 
6 7 9 12 16 21 22 26 34 39 43 45 47
6 7 9 12 16 21 26 39 43 44 45 48
6 7 12 16 22 26 27 33 34 38 39 43 44 45 47 48
6 7 9 12 15 16 19 21 22 26 27 29 33 34 35 38 39 42 43 44 45 47 48 51
6 7 9 12 15 16 21 26 27 34 39 42 43 44 45 48
6 7 9 12 16 21 26 27 34 39 43 44 45 48
6 12 16 21 26 27 34 39 43 44 45 48
6 7 9 11 12 22 25 26 27 33 34 39 43 44 45 47 48
6 7 9 12 15 16 21 22 25 26 27 29 33 34 39 42 43 44 45 47 48
6 7 9 12 15 16 21 22 26 27 29 33 34 39 42 43 44 45 47 48
6 7 9 12 14 16 21 22 25 26 27 29 33 34 39 43 44 45 47 48 50 51
6 7 9 12 14 16 19 21 22 25 26 27 29 33 34 35 38 39 43 44 45 47 48 50 51
6 7 9 12 14 16 19 21 22 26 27 29 32 33 34 35 39 42 43 44 45 47 48 50 51
6 7 9 12 16 26 27 29 33 35 39 43 44 45 48 51
6 7 9 12 16 21 22 25 26 27 34 35 39 43 45 47 48
6 7 9 12 16 22 26 27 29 33 34 39 43 44 45 47 48 50
6 7 9 12 16 22 26 27 29 33 34 39 43 44 45 47 48
6 7 9 12 16 26 39 43 44 45
6 7 9 12 16 26 27 39 43 44 45 48
6 7 9 12 16 22 26 33 34 39 43 45 47
6 7 9 12 16 21 22 26 34 39 43 45 47
6 7 12 15 16 26 33 38 39 42 43 45
6 7 9 12 15 16 26 27 38 42 43 45 48
6 7 9 11 12 15 16 19 21 26 27 29 33 34 39 42 43 45 48 51
6 7 9 12 15 16 21 22 23 26 33 34 39 42 43 45 47 48
6 7 9 12 16 21 22 26 27 34 39 43 45 47 48
6 7 9 12 15 16 19 21 22 26 27 29 33 34 35 39 43 45 47 48 51
6 7 9 12 16 22 26 27 29 33 34 35 39 43 45 47 48 51
6 7 9 12 16 26 27 33 34 39 43 45 48
6 7 9 12 16 22 26 27 29 33 34 39 43 45 47 48
6 7 9 12 14 16 22 25 26 27 33 34 38 39 43 45 47 48 50
6 7 9 12 15 16 19 22 25 26 27 29 33 34 35 39 42 43 47 48 50 51
6 7 9 12 16 22 25 26 27 29 33 34 39 45 47 48 51
6 7 9 12 16 19 22 26 27 29 33 34 39 43 44 45 47 48 51
6 7 9 12 16 19 22 25 26 27 29 33 34 35 39 43 44 45 47 48 51
6 7 9 12 15 16 19 26 27 29 33 34 35 39 43 44 45 47 48 51
6 7 9 12 14 15 16 22 26 27 29 33 34 39 42 43 45 47 48
6 7 9 12 16 26 29 33 38 39 43 45
6 7 9 12 16 29 33 38 39 43 45 47
6 7 12 16 26 38 39 43 45
6 12 16 26 43 45
6 9 12 16 26 43 45
6 7 9 12 15 16 21 22 23 26 27 33 34 39 42 43 45 47 48
6 7 9 12 15 16 21 22 26 29 33 34 35 39 42 43 45 47 48 51
6 7 9 12 15 16 21 26 29 33 34 39 43 45 48
6 7 9 12 16 26 27 34 39 43 45 48
6 7 9 12 16 26 27 33 34 39 43 45 48
6 7 9 12 16 19 21 22 23 26 27 29 33 34 35 39 43 45 47 48 51
6 7 9 12 15 16 26 27 29 33 34 39 42 43 45 48
6 7 9 12 16 22 25 26 27 29 33 34 35 39 43 45 47 48 51
6 9 12 14 16 22 25 26 27 29 33 34 35 39 43 45 47 48 51
6 9 12 16 22 26 27 29 33 39 43 45 47 48
6 9 12 16 22 26 27 29 33 34 38 39 43 44 45 47 48
6 7 9 12 15 16 19 22 25 26 27 29 33 34 35 39 43 45 47 48 51
6 7 9 12 16 19 21 22 25 26 27 29 33 34 35 39 43 44 45 47 48 51
6 7 9 12 16 22 25 26 27 29 33 34 38 39 43 45 47 48
6 7 9 12 16 19 22 25 26 27 29 33 34 35 39 43 45 47 48
6 7 9 12 16 21 33 39 43 45
6 7 12 15 16 19 22 26 29 33 34 39 42 43 45 47 51
6 7 12 15 16 22 26 33 34 39 42 43 45 47
6 7 9 12 16 19 22 24 26 29 33 34 38 39 43 45 47 51
6 7 9 12 15 16 26 33 39 42 43 45
6 7 9 12 15 16 26 27 33 34 39 43 45 48
6 7 9 12 16 21 22 23 26 27 29 33 34 35 39 43 45 47 48 51
6 7 9 12 16 22 26 33 34 39 43 45 47 48
6 7 9 12 16 21 22 26 29 33 34 39 43 45 48
6 7 9 12 16 21 22 26 33 34 39 43 45 47
6 7 9 12 16 21 22 26 27 34 39 43 45 48
6 7 9 12 16 21 22 26 27 29 33 34 39 43 45 47 48
6 7 9 12 15 16 22 26 34 38 39 42 43 44 45 47 48
6 9 12 15 16 21 22 26 27 34 39 42 43 44 45 47 48
6 7 9 12 15 16 21 22 26 27 29 33 38 39 42 43 44 45 46 47 48
6 7 9 12 16 22 26 29 31 33 34 45 47
6 7 12 16 21 22 25 26 27 29 33 38 39 43 45 47 48 51
6 12 16 19 21 27 29 33 35 39 43 45 47 48 51
6 7 9 12 16 19 21 22 26 33 34 35 39 43 45 47 51
6 7 9 12 16 19 22 25 26 27 29 33 34 35 39 43 45 47 48
6 7 12 16 21 22 26 33 34 39 43 45 47 48
6 7 9 12 16 21 22 26 33 34 39 43 45 47 48
2 6 7 9 12 15 16 22 26 27 29 33 34 39 42 43 45 47 48
6 7 9 12 16 19 22 24 26 29 33 34 38 39 43 45 47 51
6 7 9 12 16 19 21 22 26 27 29 33 34 35 39 43 45 47 48 51
6 7 9 12 16 21 22 26 27 29 33 34 35 38 39 43 45 47 48 50 51
6 7 9 12 16 21 26 27 33 34 39 43 45 48
6 7 9 12 16 26 29 33 34 35 39 43 45 48
6 7 9 12 16 22 24 26 27 29 33 34 39 43 45 47 48
6 7 9 12 16 21 22 24 26 27 29 33 34 39 43 44 45 47 48 50
6 7 9 12 16 22 24 26 34 39 43 44 45 47 50
6 9 12 16 26 27 34 39 43 45 48
6 9 12 16 19 21 22 23 25 26 27 29 33 34 35 39 41 43 45 47 48 51
6 7 9 12 15 16 21 22 25 26 27 29 33 34 35 38 39 41 43 44 45 47 48 51
6 7 9 12 15 16 21 22 26 27 29 33 38 39 42 43 44 45 47 48
6 9 12 16 22 26 27 33 39 43 45 47 48
6 7 9 12 16 21 22 26 27 29 33 34 39 43 45 47 48
6 12 16 19 21 27 29 33 35 39 43 45 47 48 51
6 7 9 12 16 21 22 26 27 29 33 34 39 43 45 47 48
6 7 9 12 16 21 22 26 34 39 43 45 47
6 7 12 16 21 22 26 33 34 39 43 45 47 48
6 9 12 16 21 26 39 43 45
6 7 9 12 16 21 26 34 39 43 45 48
6 7 9 12 16 21 26 33 34 43 45
6 7 9 12 16 19 21 22 26 27 29 33 34 35 39 43 45 47 48 51
6 7 9 12 16 21 22 26 27 29 33 34 35 38 39 43 45 47 48 50 51
6 7 9 12 16 21 22 26 27 29 33 34 35 39 43 44 45 47 48 50 51
6 7 9 12 16 21 22 26 27 33 34 39 43 45 47 48
6 7 9 12 16 21 22 26 33 34 39 43 45 47 48
6 7 9 12 16 21 22 26 34 39 43 45
6 9 12 16 21 22 26 34 39 43 45 47 48
6 7 9 12 16 21 22 26 34 39 43 44 45 47
6 9 12 15 16 21 22 23 26 27 34 39 40 42 43 45 46 47 48
6 9 12 14 15 16 19 21 22 25 26 27 29 33 34 35 38 39 40 42 43 45 46 47 48 51
6 7 9 12 15 16 21 22 25 26 27 29 33 34 38 39 42 43 44 45 47 48
6 7 9 12 16 21 22 26 27 29 33 39 43 45 47 48
6 7 9 12 21 22 26 29 33 35 39 43 45 47 51
6 9 12 16 21 26 27 43 45 48
6 9 12 16 21 26 43 45
6 9 12 16 21 26 43 45 48
6 7 9 12 14 16 19 21 22 25 26 29 33 35 39 43 44 45 51
6 7 9 12 16 21 26 34 39 43 45 
6 9 12 16 21 22 26 27 33 34 39 43 44 45 48
6 7 9 12 16 21 26 33 34 39 43 45
6 7 9 12 16 21 26 33 39 43 45
6 7 9 12 16 21 26 33 34 39 43 45
6 7 9 12 16 21 22 26 27 29 33 34 35 39 43 44 45 47 48 50 51
6 7 9 12 16 21 22 26 27 33 34 39 43 45 47 48
6 7 9 12 16 21 22 26 34 39 43 45 47
6 9 12 16 21 26 34 39 43 45 47
6 9 12 16 26 27 33 34 39 43 45 48
6 7 9 12 16 22 24 26 27 29 33 34 39 43 45 47 48 50
6 9 12 15 16 21 22 25 26 27 29 33 35 39 42 43 45 47 48
6 7 9 12 15 16 21 22 25 26 27 29 33 34 35 39 42 43 45 47 48
6 7 9 12 14 16 21 22 25 26 27 33 39 43 45 47 48
6 7 9 12 16 22 26 27 33 34 39 43 45 47 48
6 7 9 12 16 21 22 26 27 34 39 43 45 47 48
6 7 9 12 16 21 22 24 26 39 43 44 45 47
6 7 9 12 15 16 21 24 26 43 44 45
6 9 12 16 21 26 43 44 45
6 7 9 12 14 16 19 21 24 25 26 27 29 33 35 39 43 44 45 48 51
6 7 9 12 16 21 22 26 34 39 43 45 47
6 7 9 12 16 21 26 27 29 33 34 35 39 43 44 45 47 48
6 7 9 12 16 21 22 26 29 33 34 39 43 45 47
6 7 9 12 16 21 22 26 27 29 33 34 39 43 45 47 48
6 7 9 12 16 21 22 26 27 29 33 34 35 39 43 45 47 48 50 51
6 7 9 12 16 19 21 22 25 26 27 29 33 34 35 39 43 44 45 47 48 50 51
6 7 9 12 16 19 21 22 26 27 29 33 34 35 39 43 45 47 48 51
6 9 12 16 21 22 26 29 33 34 35 39 43 45 47 48 51
6 7 9 12 16 21 22 26 29 33 34 35 39 43 45 47
6 7 9 12 16 21 22 26 27 29 33 34 39 43 45 47 48
6 7 9 12 16 22 26 27 29 33 34 35 39 43 45 47 48 51
6 7 9 12 16 19 22 24 25 26 27 29 33 34 35 39 43 45 46 47 48 51
6 7 9 12 16 21 22 26 27 33 34 35 39 43 45 47 48
6 7 9 12 16 21 22 26 27 29 33 34 39 43 45 47 48
6 7 9 12 16 21 22 26 27 29 33 34 39 43 45 47 48
6 7 9 12 16 21 26 27 43 45 48
6 7 9 12 16 21 22 24 26 39 43 44 45 47
6 7 9 12 16 21 22 25 26 27 35 39 43 44 45 47 48 51
6 7 9 12 16 21 26 43 45
6 7 9 12 14 16 19 21 26 27 29 33 35 39 43 44 45 48 51
6 7 9 12 16 21 26 34 43 45 
6 7 9 12 16 19 21 22 26 27 29 33 34 35 39 43 45 47 48 50 51
6 7 9 12 16 21 26 27 29 33 34 39 43 44 45 48
6 7 9 12 16 21 24 26 29 33 34 35 39 43 45 51 
6 7 9 12 16 21 22 26 27 29 33 34 35 39 43 45 47 48 50 51
6 7 9 12 16 19 21 22 25 26 27 29 33 34 35 39 43 44 45 47 48 51
6 7 9 12 16 21 22 24 25 26 27 29 33 34 35 39 43 44 45 47 48 50 51
6 7 9 12 14 16 21 22 26 27 29 33 34 35 39 43 45 47 48 51
6 7 9 12 16 21 22 26 27 29 33 34 35 39 43 45 47 48 50 51
6 7 9 12 16 21 22 26 27 33 34 38 39 43 45 47 48
6 7 9 12 16 22 26 27 29 33 34 39 43 45 47 48
6 7 9 12 16 19 22 25 26 27 29 33 34 35 43 45 47 48 51
6 7 9 12 16 22 25 26 27 29 33 34 39 43 45 47 48 50
6 7 9 12 16 19 22 25 26 27 29 33 34 39 43 45 47 48 51
6 7 9 12 16 22 26 27 29 33 34 39 43 45 47 48
6 7 9 12 14 16 21 26 29 33 35 39 43 45 51
6 7 9 12 16 21 26 39 43 45
6 7 9 10 12 16 21 26 27 29 33 34 39 43 44 45 48
6 7 9 12 16 21 26 27 29 43 45 48
6 7 9 12 16 21 26 27 33 39 43 44 45 48
6 7 9 12 16 21 26 34 39 43 45 48
6 7 9 12 16 21 26 33 34 39 43 45 48
6 7 9 12 16 21 26 27 29 33 34 39 43 45 48 50
6 7 9 12 16 19 21 22 26 27 29 33 34 35 39 43 45 47 48 51
6 7 9 12 16 19 21 22 25 26 27 29 33 34 35 39 43 44 45 47 48 50 51
6 9 12 16 21 22 26 29 33 34 35 39 43 45 47 48
6 7 9 12 16 19 21 22 24 25 26 27 29 33 34 35 38 39 43 45 47 48 51
6 9 12 16 21 26 27 34 39 43 45 47 48
6 9 12 15 16 21 22 26 27 29 33 34 35 39 43 44 45 47 48 51
6 7 9 12 16 21 22 24 26 27 33 34 35 39 43 45 47 48
6 7 9 12 16 21 22 24 26 27 29 33 34 39 43 45 47 48
6 7 9 12 16 19 21 22 25 26 27 29 33 34 35 39 43 45 47 48 51
6 7 9 12 16 21 22 26 27 34 39 43 45 47 48
6 7 9 12 16 19 22 26 27 29 33 34 35 38 39 43 45 47 48 51 
6 7 9 12 16 21 22 25 26 27 33 34 38 39 43 45 47 48
6 7 9 12 16 21 22 25 26 27 29 33 39 43 45 47 48 50 51
6 7 9 10 12 16 21 26 33 39 43 45 48
6 7 9 12 16 21 22 26 27 33 34 39 43 45 47 48
6 9 10 12 16 21 24 25 26 27 29 33 34 35 39 43 45 48 51
6 7 9 10 12 16 21 26 27 29 33 34 39 43 45 48
6 7 9 12 16 21 26 27 34 39 43 45 48
6 7 9 12 14 16 22 26 27 29 33 34 39 43 45 47 48 50 51
6 7 9 12 14 16 25 26 27 29 33 34 39 43 45 48 50
6 7 9 12 16 19 21 26 27 29 33 34 39 43 45 47 48 51
6 7 9 12 15 16 19 21 22 25 26 27 29 33 34 35 39 43 44 45 47 48 51
6 7 9 12 16 19 21 22 26 27 29 33 34 35 39 43 45 47 48 51
6 7 9 12 16 21 26 33 34 39 43 45 47
6 7 9 12 16 21 26 27 33 34 39 43 44 45 48
6 7 9 12 16 22 26 27 34 39 45 47 48
6 7 9 12 16 21 22 26 34 39 43 45 47
6 9 12 16 21 22 26 27 34 39 43 45 47 48
6 7 9 12 16 19 22 25 26 27 29 33 34 35 39 43 44 45 47 48 51
6 7 9 11 12 16 21 22 24 25 26 27 33 34 39 43 44 45 47 48
6 7 9 12 16 21 22 26 27 35 38 39 43 45 47 48
6 7 9 12 16 22 26 39 43 45 48
6 7 9 12 16 21 22 25 26 27 29 33 39 43 45 47 48 50
6 7 9 10 12 16 21 26 29 33 35 39 43 44 45
6 7 9 12 16 21 26 27 33 39 43 45 48
6 7 9 12 16 21 22 25 26 27 29 33 34 39 43 45 47 48
6 7 9 12 16 21 26 27 29 33 34 39 43 45 48
6 7 9 12 16 21 26 27 29 33 34 35 43 45 48
6 7 9 10 12 16 21 29 33 34 39 45 47 48
6 7 9 12 16 21 22 26 33 34 39 44 45 47 48
6 7 9 12 16 21 22 26 27 29 33 34 39 43 45 47 48
6 7 9 12 16 19 21 22 26 29 33 34 35 39 43 45 47 51
6 7 9 12 16 19 21 22 26 27 29 33 34 35 39 43 44 45 47 48 51
6 7 9 12 16 19 21 22 26 27 29 33 34 35 39 43 45 47 48 50 51
6 7 9 12 16 21 22 26 27 29 33 34 35 39 45 47 48 51
6 7 9 12 16 19 21 22 25 26 27 29 33 34 35 39 43 45 47 48 51
6 7 9 12 16 21 22 25 26 27 29 33 34 35 39 45 47 48 50 51
6 7 9 12 16 21 22 26 34 39 43 45 47
6 7 9 12 14 16 19 22 25 26 27 29 33 34 35 39 43 44 45 47 48 51
6 7 9 12 16 19 22 26 27 29 33 34 35 39 43 45 47 48 51
6 7 9 12 16 19 22 26 29 33 34 35 39 43 45 47 51
6 7 9 12 16 21 22 26 27 34 39 43 45 47 48
6 7 9 10 12 16 19 21 22 26 27 29 33 34 35 39 43 45 47 48 51
6 7 9 12 16 21 26 27 29 33 35 39 43 45 48 51
6 7 9 12 16 21 26 27 29 33 39 43 45 48
6 7 9 12 16 21 22 26 27 29 33 34 35 39 43 45 47 48 51
6 7 9 12 16 19 21 26 27 29 33 34 35 39 43 45 48 51
6 7 9 12 14 16 21 22 26 27 29 33 34 35 39 43 45 47 48 51
6 7 9 12 16 19 21 26 27 29 33 34 35 39 43 45 48 51
6 9 12 16 21 26 27 29 33 39 43 45 47 48
6 9 12 16 21 22 26 27 29 33 34 39 43 45 47 48
6 7 9 12 16 19 21 22 26 27 29 33 34 35 39 43 45 47 48 51
6 7 9 12 16 19 21 22 26 27 29 33 34 35 39 43 45 47 48 51
6 7 9 12 16 19 21 22 26 27 29 33 34 35 39 43 45 47 48 51
6 7 9 12 15 16 19 22 25 26 27 29 33 34 35 38 39 43 45 47 48 51
6 7 9 12 16 19 21 22 25 26 27 29 33 34 35 38 39 43 45 47 48 51
6 7 9 12 16 19 21 22 26 27 29 33 34 35 39 43 45 47 48 51
6 7 9 12 16 21 22 26 34 39 45 47
6 7 9 12 16 21 22 26 33 34 39 43 45 47
6 7 9 12 16 21 22 26 34 38 39 43 45 47
6 7 9 12 16 21 22 26 38 39 43 45 47
6 7 9 12 16 21 22 26 38 39 43 45 47
6 7 9 12 16 21 22 26 27 29 33 34 35 39 43 44 45 47 48
6 7 9 12 16 22 26 27 29 33 34 39 43 44 45 47 48
6 7 9 12 16 26 27 29 33 34 39 43 44 45 48 51
6 7 9 12 16 19 21 22 26 27 29 33 34 39 43 44 45 47 48
6 7 9 12 16 19 21 22 26 27 29 33 34 35 39 43 45 47 48 51
6 7 9 12 16 19 21 26 27 29 33 34 39 43 45 47 48 51
6 7 9 12 16 21 26 27 29 33 34 35 39 43 45 48 51
6 7 9 12 14 16 19 21 22 26 27 29 33 34 35 39 43 45 47 48 51
6 9 12 16 19 21 22 26 27 29 33 34 35 39 43 45 47 48 51
6 7 9 12 14 16 21 22 26 27 29 33 34 39 43 45 47 48
6 9 12 16 19 21 22 26 27 29 33 34 35 39 43 47 48 50 51
6 7 9 12 16 19 21 22 26 27 29 33 34 35 39 43 45 47 48 51
6 7 9 12 16 19 22 25 26 27 29 33 34 35 39 43 45 47 48 51
6 7 9 12 16 21 22 26 27 33 34 39 43 45 47 48
6 7 9 12 16 19 21 22 25 26 27 29 33 34 35 38 39 43 45 47 48 51
6 7 9 12 16 19 21 22 26 27 29 33 34 35 39 43 45 47 48 51
6 7 9 12 15 16 21 22 26 38 39 42 43 45 47 48
6 7 9 16 21 22 26 39 43 45 47 48
6 7 9 12 14 16 21 22 25 26 27 33 39 43 45 47 48
6 7 9 11 12 15 16 21 22 26 39 42 43 45 47 48 50
6 7 9 12 16 19 21 26 27 29 33 34 35 39 43 45 47 48 50 51
6 7 9 12 16 21 22 26 27 29 33 34 39 43 44 45 47 48
6 7 9 12 16 19 21 22 26 27 29 33 34 35 39 43 44 45 47 48 51
6 7 9 12 16 21 22 26 27 29 33 34 35 39 43 45 47 48 51
6 7 9 12 16 19 21 26 27 29 33 34 35 39 43 45 48 50 51
6 7 9 12 16 19 21 22 26 27 29 33 34 35 39 43 45 47 48 50 51
6 7 9 12 16 19 21 22 26 27 29 33 34 35 39 43 45 47 48 50 51
6 7 9 12 16 21 22 26 27 29 33 34 39 43 45 47 48 50
6 9 12 16 21 22 25 26 27 29 33 34 35 39 43 45 47 48 51
6 7 9 12 16 21 22 25 26 27 29 33 34 35 39 43 45 47 48
6 7 9 12 16 19 21 22 25 26 27 29 33 34 35 39 43 45 47 48 50 51
6 9 12 16 19 21 22 26 27 29 33 34 35 39 43 45 47 48 51
6 7 9 12 16 19 21 22 25 26 27 29 33 34 35 39 43 45 47 48 51
6 7 9 12 16 22 25 26 27 33 34 39 43 45 47 48
6 7 9 12 15 16 21 22 25 26 27 29 33 34 35 38 39 42 43 45 47 48
6 7 9 12 16 21 22 26 34 39 43 45 47
6 7 9 12 15 16 21 22 26 39 42 43 45 47
6 7 9 12 15 16 21 22 26 27 34 39 43 45 47 48 50
6 7 9 12 15 16 21 22 26 27 33 34 39 42 43 45 47 48 50
6 7 9 12 16 22 26 27 33 39 43 45 47 48 50
6 7 9 12 16 21 26 29 33 35 39 43 45 51
6 7 9 12 16 19 21 22 26 27 29 33 35 39 43 45 47 48 51
6 7 9 12 16 19 21 22 25 26 27 29 33 34 35 39 43 45 47 48 51
6 7 9 12 16 21 22 26 27 29 33 34 35 39 43 45 47 48 51
6 7 9 12 16 21 22 25 26 27 29 33 34 39 43 45 47 48
6 7 9 12 16 19 21 22 26 27 29 33 34 35 39 43 45 47 48 50 51
6 9 12 16 19 21 22 25 26 27 29 33 34 35 38 39 43 45 47 48 50 51
6 7 9 12 16 19 21 22 26 27 29 33 34 35 39 43 45 47 48 51
6 7 9 12 16 21 22 25 26 27 33 34 39 43 45 47 48
6 7 9 12 16 21 22 26 34 39 43 45 47
6 9 12 16 21 26 29 33 34 35 39 43 45 51
6 7 9 12 16 21 22 26 27 34 39 43 45 47 48
6 7 9 12 16 21 22 26 27 34 39 43 45 47 48
6 7 9 12 16 19 22 26 27 29 33 34 35 39 43 45 47 48 51
6 7 9 12 15 16 19 21 22 26 27 29 33 34 35 39 42 43 45 47 48 50 51
6 7 9 12 16 21 22 26 33 34 39 43 45 47
6 7 9 12 16 21 22 26 34 39 43 45 47
6 7 9 12 16 21 22 26 39 43 45 47 48
6 7 9 12 16 21 22 26 27 33 34 38 39 43 45 47 48
6 7 9 12 15 16 22 23 25 26 27 29 33 34 38 39 42 43 45 47 48 50 51